.2767901292869220E+00
-.2352564669166030E+00
.9316875115097590E+00
.1988867806345010E+00
.3605486031395280E+00
.9112896099830060E+00
-.2588713390623730E+00
.2042300774414090E+00
.9440739935409350E+00
-.2002829139273100E+00
-.2283461619503540E+00
.9527564141538640E+00
-.8835451666675250E+00
-.4142776966390410E+00
-.2184534928214830E+00
.3977500579085590E+00
-.9016195359986890E+00
-.1699326447132700E+00
.8765394870692820E+00
.4343921041923270E+00
-.2073210732744830E+00
-.4117423575176250E+00
.8848959788397900E+00
-.2177781845341660E+00
.5011140938672040E+00
.3778689327520590E+00
.7785240745079570E+00
-.3942388477903860E+00
.4736871338809520E+00
.7875253837741090E+00
-.4953642920021360E+00
-.4064298087406120E+00
.7677428142133880E+00
.3701865838021720E+00
-.5593062709682520E+00
.7417131443007230E+00
.4117423575179610E+00
-.8848959788392530E+00
.2177781845357150E+00
.8835451666683970E+00
.4142776966391570E+00
.2184534928177370E+00
-.3977500579105900E+00
.9016195359972180E+00
.1699326447163240E+00
-.8765394870698781E+00
-.4343921041912780E+00
.2073210732741600E+00
-.6910143013156500E+00
-.7028152268879870E+00
-.1689674294993920E+00
.6844003444601270E+00
-.7144410442516540E+00
-.1454997003140040E+00
.6607104894827650E+00
.7313577150350630E+00
-.1690489329931910E+00
-.7736112879563090E+00
.6152223578577780E+00
-.1517465832844280E+00
.6836297846860220E+00
-.2199673313208400E+00
-.6958912922588780E+00
.2565740995035260E+00
.6814727910714180E+00
-.6853937309994060E+00
-.6444745096378920E+00
.3540622279855340E+00
-.6777112549905880E+00
-.2205350804161410E+00
-.7315477541408590E+00
-.6451373200469120E+00
.3942388477920410E+00
-.4736871338825220E+00
-.7875253837723361E+00
.4953642920009680E+00
.4064298087412850E+00
-.7677428142137850E+00
-.3701865838024390E+00
.5593062709700030E+00
-.7417131442992700E+00
-.5011140938646400E+00
-.3778689327522390E+00
-.7785240745095200E+00
-.4885748739685340E+00
-.6884557978444000E-02
-.8724948110952140E+00
.5554204872744400E-01
-.5841317202499910E+00
-.8097562684048490E+00
.5268121074647910E+00
.4970781961767100E-01
-.8485270391079840E+00
.4245864108125000E-02
.4886546223943000E+00
-.8724669808369020E+00
-.7103173615146130E+00
-.4795309146254010E+00
.5152662882912530E+00
.5214043844765620E+00
-.7280391654517230E+00
.4450802640164760E+00
.7380993553888520E+00
.4078032732059310E+00
.5374996111041300E+00
-.4960579912625540E+00
.6996701137033650E+00
.5141869322482640E+00
-.9732208093073270E+00
.1942607517895710E+00
-.1228983996858520E+00
-.3762035726666050E+00
-.9088659640035350E+00
-.1800931186603390E+00
.9144779003707620E+00
-.3686579885340490E+00
-.1667976535311930E+00
.2874621878541300E+00
.9468179143405530E+00
-.1445729146068610E+00
-.9890066992933400E-01
.9950970592800400E+00
.7071773083110000E-03
-.9860682014252020E+00
-.1613285617797790E+00
.4052896855503000E-01
.9890066992737100E-01
-.9950970592802360E+00
-.7071773075220000E-03
.9860682014253800E+00
.1613285617778720E+00
-.4052896855829700E-01
.8152324408482650E+00
.1318323811749280E+00
-.5639293312661871E+00
-.1136445670803390E+00
.7872516056155811E+00
-.6060691559787640E+00
-.7605044417053100E+00
-.1056987489052100E-01
-.6492466957107240E+00
.1798482279122410E+00
-.8324827854052400E+00
-.5240486875479800E+00
-.9276898918095100E+00
-.4724128948218800E-01
-.3703508136922610E+00
-.6227375977374500E-01
-.9444346856864090E+00
-.3227461902425130E+00
.9398402607408960E+00
-.4456984180221600E-01
-.3386942773242700E+00
-.8242738781550000E-02
.9340870594601500E+00
-.3569501682398660E+00
-.2874621878541230E+00
-.9468179143395800E+00
.1445729146132430E+00
.9732208093070031E+00
-.1942607517949340E+00
.1228983996799320E+00
.3762035726640970E+00
.9088659640033310E+00
.1800931186666110E+00
-.9144779003729060E+00
.3686579885319570E+00
.1667976535240600E+00
-.1988867806309870E+00
-.3605486031400650E+00
-.9112896099835600E+00
.2588713390641120E+00
-.2042300774442540E+00
-.9440739935398430E+00
.2002829139245270E+00
.2283461619513520E+00
-.9527564141542090E+00
-.2767901292844010E+00
.2352564669207660E+00
-.9316875115094559E+00
.4960579912585950E+00
-.6996701137077700E+00
-.5141869322460890E+00
.7103173615128360E+00
.4795309146287610E+00
-.5152662882905760E+00
-.5214043844766950E+00
.7280391654524530E+00
-.4450802640151260E+00
-.7380993553844990E+00
-.4078032732091310E+00
-.5374996111076790E+00
-.8152324408494460E+00
-.1318323811707120E+00
.5639293312654660E+00
.1136445670801830E+00
-.7872516056137170E+00
.6060691559812150E+00
.7605044417099350E+00
.1056987488986400E-01
.6492466957053170E+00
-.1798482279168390E+00
.8324827854024680E+00
.5240486875508060E+00
.6444745096387340E+00
-.3540622279858040E+00
.6777112549896470E+00
.2205350804135180E+00
.7315477541423701E+00
.6451373200460950E+00
-.6836297846853430E+00
.2199673313253120E+00
.6958912922581320E+00
-.2565740995009430E+00
-.6814727910693790E+00
.6853937310024000E+00
.8242738783470000E-02
-.9340870594594580E+00
.3569501682416340E+00
.9276898918126020E+00
.4724128947913300E-01
.3703508136849070E+00
.6227375976878800E-01
.9444346856860160E+00
.3227461902446170E+00
-.9398402607419311E+00
.4456984180196000E-01
.3386942773214330E+00
-.6844003444607160E+00
.7144410442513049E+00
.1454997003129530E+00
-.6607104894826710E+00
-.7313577150342460E+00
.1690489329970960E+00
.7736112879557430E+00
-.6152223578588770E+00
.1517465832828550E+00
.6910143013134310E+00
.7028152268893190E+00
.1689674295029260E+00
.8235860235780980E+00
-.3946345889044380E+00
.4073936707989480E+00
.4940686203583030E+00
.7088396084166290E+00
.5034308372726120E+00
-.7588751305010500E+00
.4506058872740210E+00
.4701732347348220E+00
-.4314990726013570E+00
-.7879350487114470E+00
.4392799897061760E+00
.4885748739746180E+00
.6884557979146000E-02
.8724948110918010E+00
-.5554204872563400E-01
.5841317202474440E+00
.8097562684068100E+00
-.5268121074675800E+00
-.4970781961590400E-01
.8485270391063560E+00
-.4245864106237000E-02
-.4886546223892350E+00
.8724669808397481E+00
-.4940686203577400E+00
-.7088396084202140E+00
-.5034308372681180E+00
.7588751304965180E+00
-.4506058872758780E+00
-.4701732347403580E+00
.4314990726012260E+00
.7879350487142150E+00
-.4392799897013400E+00
-.8235860235777540E+00
.3946345889034440E+00
-.4073936708006050E+00
-.5223814787874000E-01
-.5618483004750600E-01
-.9970528776242170E+00
.5223814788153800E-01
.5618483004769000E-01
.9970528776240600E+00
