.5530359455875240E+00
-.4720502222559440E+00
.6865273705805380E+00
-.4720502274596730E+00
.6865273657666380E+00
.5530359471216960E+00
-.5530359455874700E+00
.4720502225054740E+00
.6865273704090060E+00
.6865273723664030E+00
.5530359415017250E+00
-.4720502244454320E+00
.4720502285674120E+00
.6865273648053050E+00
-.5530359473695520E+00
.6865273720316900E+00
-.5530359415181640E+00
.4720502249129640E+00
.4720502283409270E+00
-.6865273652682360E+00
.5530359469881980E+00
-.6865273717321450E+00
-.5530359429652730E+00
-.4720502236532300E+00
-.4720502275804660E+00
-.6865273656085270E+00
-.5530359472148680E+00
-.6865273710216550E+00
.5530359429830480E+00
.4720502246657080E+00
.5530359466448860E+00
.4720502216916090E+00
-.6865273701168060E+00
-.5530359472128320E+00
-.4720502224652870E+00
-.6865273691273200E+00
.5341516544244360E+00
.7920823931523260E+00
.2954445676158600E+00
.7920823974890390E+00
.2954445683760440E+00
.5341516475731480E+00
-.5341516546059200E+00
-.7920823927601730E+00
.2954445683390990E+00
.2954445679493510E+00
.5341516453418870E+00
.7920823991528760E+00
-.7920823976007660E+00
.2954445692975700E+00
-.5341516468977650E+00
.2954445678295920E+00
-.5341516453644880E+00
-.7920823991823051E+00
-.7920823978659109E+00
-.2954445679335430E+00
.5341516472590450E+00
-.2954445679620420E+00
-.5341516456003500E+00
.7920823989738450E+00
.7920823971287770E+00
-.2954445690843200E+00
-.5341516477156180E+00
-.2954445674894440E+00
.5341516447626100E+00
-.7920823997150640E+00
.5341516544647930E+00
-.7920823931259270E+00
-.2954445676136700E+00
-.5341516544608670E+00
.7920823927136630E+00
-.2954445687260430E+00
-.9877839019893629E+00
-.8366313346394001E-02
-.1556051662756040E+00
-.8366316491905000E-02
-.1556051662541940E+00
-.9877839019660940E+00
.9877839020420180E+00
.8366312354304999E-02
-.1556051659946880E+00
-.1556051675072520E+00
-.9877839018153201E+00
-.8366310987655000E-02
.8366315777747000E-02
-.1556051667664770E+00
.9877839018914431E+00
-.1556051684243930E+00
.9877839016674920E+00
.8366311383277999E-02
.8366317026602000E-02
.1556051667060530E+00
-.9877839018903840E+00
.1556051668358580E+00
.9877839019198360E+00
-.8366311135093001E-02
-.8366315838957000E-02
.1556051656859480E+00
.9877839020611400E+00
.1556051677615080E+00
-.9877839017739820E+00
.8366311139443000E-02
-.9877839021131400E+00
.8366313179595001E-02
.1556051654988360E+00
.9877839021656430E+00
-.8366312162939000E-02
.1556051652202080E+00
.9507649813879450E+00
.2027274941124910E+00
-.2344088592550430E+00
.2027274967899960E+00
-.2344088607327570E+00
.9507649804527050E+00
-.9507649809862370E+00
-.2027274948474850E+00
-.2344088602487210E+00
-.2344088502156700E+00
.9507649832330110E+00
.2027274959113820E+00
-.2027274972989600E+00
-.2344088615925410E+00
-.9507649801322030E+00
-.2344088501157700E+00
-.9507649833228990E+00
-.2027274956053300E+00
-.2027274967590510E+00
.2344088604914850E+00
.9507649805187890E+00
.2344088505693270E+00
-.9507649832537470E+00
.2027274954052100E+00
.2027274975652030E+00
.2344088616793760E+00
-.9507649800540250E+00
.2344088503414610E+00
.9507649833052240E+00
-.2027274954272670E+00
.9507649813805390E+00
-.2027274936956060E+00
.2344088596456210E+00
-.9507649809706660E+00
.2027274944264320E+00
.2344088606760230E+00
.5120729891159830E+00
-.1240516071700760E+00
-.8499367344551850E+00
-.1240516096533600E+00
-.8499367347162670E+00
.5120729880810549E+00
-.5120729889353700E+00
.1240516066744210E+00
-.8499367346363440E+00
-.8499367347256450E+00
.5120729893519020E+00
-.1240516043431770E+00
.1240516097069470E+00
-.8499367344192840E+00
-.5120729885610040E+00
-.8499367341856190E+00
-.5120729901339510E+00
.1240516048149250E+00
.1240516099052720E+00
.8499367341592090E+00
.5120729889446310E+00
.8499367344868650E+00
-.5120729897186670E+00
-.1240516044651950E+00
-.1240516097769130E+00
.8499367349119090E+00
-.5120729877263990E+00
.8499367338659730E+00
.5120729907276490E+00
.1240516045542460E+00
.5120729896570440E+00
.1240516068374590E+00
.8499367341777510E+00
-.5120729893965740E+00
-.1240516069700320E+00
.8499367343153300E+00
.3918836979149760E+00
.8504231947935850E+00
-.3510093404249470E+00
.8504231953303970E+00
-.3510093359232440E+00
.3918837007822100E+00
-.3918836974663060E+00
-.8504231950076681E+00
-.3510093404071850E+00
-.3510093358722430E+00
.3918837053260610E+00
.8504231932575950E+00
-.8504231945931280E+00
-.3510093374446540E+00
-.3918837010194270E+00
-.3510093379994500E+00
-.3918837052641880E+00
-.8504231924081080E+00
-.8504231944686730E+00
.3510093377603370E+00
.3918837010067490E+00
.3510093355274980E+00
-.3918837058668520E+00
.8504231931506850E+00
.8504231953614160E+00
.3510093361703770E+00
-.3918837004935390E+00
.3510093368734830E+00
.3918837061640700E+00
-.8504231924581730E+00
.3918836983231810E+00
-.8504231947867780E+00
.3510093399857000E+00
-.3918836981670360E+00
.8504231948119020E+00
.3510093400991560E+00
-.6371433781201160E+00
-.6284993741332821E+00
.4461354642165980E+00
-.6284993752049540E+00
.4461354680865760E+00
-.6371433743531780E+00
.6371433775770700E+00
.6284993748268231E+00
.4461354640151090E+00
.4461354669911080E+00
-.6371433738119600E+00
-.6284993765312260E+00
.6284993759118970E+00
.4461354682922670E+00
.6371433735117989E+00
.4461354673116640E+00
.6371433734809540E+00
.6284993766392390E+00
.6284993752708899E+00
-.4461354686663920E+00
-.6371433738821430E+00
-.4461354670064370E+00
.6371433732864240E+00
-.6284993770531080E+00
-.6284993761951470E+00
-.4461354678872510E+00
.6371433735159890E+00
-.4461354676330940E+00
-.6371433733821350E+00
.6284993765112530E+00
-.6371433778168560E+00
.6284993739350579E+00
-.4461354649289460E+00
.6371433775429560E+00
-.6284993747841900E+00
-.4461354641238870E+00
-.4203787081845960E+00
.9035659576472320E+00
-.8276655052671900E-01
.9035659605471290E+00
-.8276654807481700E-01
-.4203787024342720E+00
.4203787076875200E+00
-.9035659579043220E+00
-.8276655024474300E-01
-.8276654593922000E-01
-.4203787012835850E+00
.9035659612781000E+00
-.9035659607605540E+00
-.8276654714625301E-01
.4203787021583580E+00
-.8276654503910599E-01
.4203787012540780E+00
-.9035659613742790E+00
-.9035659605096850E+00
.8276654772283600E-01
-.4203787025840560E+00
.8276654605224100E-01
.4203787004398820E+00
.9035659616602750E+00
.9035659609093500E+00
.8276654786268300E-01
.4203787016974780E+00
.8276654567939599E-01
-.4203787012705280E+00
-.9035659613079750E+00
-.4203787075055050E+00
-.9035659579454950E+00
.8276655071972200E-01
.4203787069560330E+00
.9035659582334380E+00
.8276655036706200E-01
.4918482984737960E+00
.3553670079722870E+00
.7948581891968250E+00
.3553670126265960E+00
.7948581877088960E+00
.4918482975155830E+00
-.4918482983446310E+00
-.3553670081567440E+00
.7948581891942840E+00
.7948581920629110E+00
.4918482946262250E+00
.3553670068869010E+00
-.3553670125488890E+00
.7948581876341591E+00
-.4918482976925080E+00
.7948581920911830E+00
-.4918482946181820E+00
-.3553670068347960E+00
-.3553670126054030E+00
-.7948581876190900E+00
.4918482976760280E+00
-.7948581926084100E+00
-.4918482939269670E+00
.3553670066345830E+00
.3553670125079900E+00
-.7948581879865350E+00
-.4918482971525960E+00
-.7948581923580540E+00
.4918482945785170E+00
-.3553670062927780E+00
.4918482979798090E+00
-.3553670078685580E+00
-.7948581895488740E+00
-.4918482975718080E+00
.3553670074172150E+00
-.7948581900031270E+00
.6066725580591500E-01
.9779826388870601E+00
.1996733385018680E+00
.9779826388105760E+00
.1996733414823130E+00
.6066724722937100E-01
-.6066725576913000E-01
-.9779826389361820E+00
.1996733382724510E+00
.1996733379093700E+00
.6066725097601800E-01
.9779826393076430E+00
-.9779826390721680E+00
.1996733402420810E+00
-.6066724709436200E-01
.1996733373731380E+00
-.6066725108681100E-01
-.9779826394102520E+00
-.9779826389789210E+00
-.1996733407028710E+00
.6066724708094300E-01
-.1996733379900360E+00
-.6066725130688600E-01
.9779826392706490E+00
.9779826388978650E+00
-.1996733410525940E+00
-.6066724723656200E-01
-.1996733370842010E+00
.6066725078957500E-01
-.9779826394876820E+00
.6066725570001000E-01
-.9779826388984560E+00
-.1996733384782320E+00
-.6066725607420900E-01
.9779826389619390E+00
-.1996733380536040E+00
-.7083129618733460E+00
.7024145919905340E+00
.7004633467198600E-01
.7024145841583940E+00
.7004632814692500E-01
-.7083129702855400E+00
.7083129618062400E+00
-.7024145919500020E+00
.7004633575700700E-01
.7004632573079300E-01
-.7083129711293000E+00
.7024145835484910E+00
-.7024145842416020E+00
.7004632881992701E-01
.7083129701364700E+00
.7004632513807500E-01
.7083129713932310E+00
-.7024145833414500E+00
-.7024145843408820E+00
-.7004632732975700E-01
-.7083129701853820E+00
-.7004632609498600E-01
.7083129705424070E+00
.7024145841039930E+00
.7024145841262820E+00
-.7004632899964500E-01
.7083129702330579E+00
-.7004632593766000E-01
-.7083129702923990E+00
-.7024145843717901E+00
-.7083129612904699E+00
-.7024145924889560E+00
-.7004633556796400E-01
.7083129610595130E+00
.7024145926403830E+00
-.7004633638491400E-01
-.6087782464978910E+00
-.7295294625447331E+00
-.3117303480095350E+00
-.7295294611628020E+00
-.3117303415315250E+00
-.6087782514710520E+00
.6087782466796730E+00
.7295294620234890E+00
-.3117303488743800E+00
-.3117303430694020E+00
-.6087782534161340E+00
-.7295294588825280E+00
.7295294609550670E+00
-.3117303419927740E+00
.6087782514838040E+00
-.3117303424530460E+00
.6087782538377420E+00
.7295294587940750E+00
.7295294612856030E+00
.3117303412869020E+00
-.6087782514491540E+00
.3117303426760670E+00
.6087782545845650E+00
-.7295294580755680E+00
-.7295294607371670E+00
.3117303426257060E+00
.6087782514208260E+00
.3117303425000450E+00
-.6087782544496140E+00
.7295294582633970E+00
-.6087782472925320E+00
.7295294620208300E+00
.3117303476837500E+00
.6087782473304520E+00
-.7295294616178460E+00
.3117303485527810E+00
.2301027741906510E+00
-.8077565541706230E+00
.5427541455430510E+00
-.8077565520843450E+00
.5427541494247280E+00
.2301027723584630E+00
-.2301027736836010E+00
.8077565541973331E+00
.5427541457182660E+00
.5427541442060190E+00
.2301027725135640E+00
-.8077565555467580E+00
.8077565521327510E+00
.5427541491807930E+00
-.2301027727639210E+00
.5427541438768900E+00
-.2301027734329550E+00
.8077565555060050E+00
.8077565522293090E+00
-.5427541488826160E+00
.2301027731282830E+00
-.5427541450840050E+00
-.2301027725000650E+00
-.8077565549606600E+00
-.8077565522377380E+00
-.5427541493469090E+00
-.2301027720035430E+00
-.5427541442887860E+00
.2301027732279550E+00
.8077565552876390E+00
.2301027740976750E+00
.8077565540258960E+00
-.5427541457978590E+00
-.2301027735623570E+00
-.8077565537617610E+00
-.5427541464179090E+00
-.4963838094741050E+00
-.8625182307751310E+00
-.9831284388376600E-01
-.8625182242873330E+00
-.9831283897578499E-01
-.4963838217193900E+00
.4963838095962310E+00
.8625182306862210E+00
-.9831284404717300E-01
-.9831283935004100E-01
-.4963838230195620E+00
-.8625182234964180E+00
.8625182243002610E+00
-.9831283833314700E-01
.4963838218242060E+00
-.9831283829978200E-01
.4963838230786360E+00
.8625182235821330E+00
.8625182244705150E+00
.9831283852450599E-01
-.4963838214904720E+00
.9831283917121000E-01
.4963838243140410E+00
-.8625182227718220E+00
-.8625182240785880E+00
.9831283937838700E-01
.4963838220023670E+00
.9831283847005599E-01
-.4963838238101500E+00
.8625182231417350E+00
-.4963838100694220E+00
.8625182304143790E+00
.9831284404294301E-01
.4963838104038140E+00
-.8625182302154630E+00
.9831284409972600E-01
.2786925513279580E+00
.9193131884651310E+00
.2778375844776740E+00
.9193131917449719E+00
.2778375815265590E+00
.2786925434509230E+00
-.2786925515665470E+00
-.9193131884136300E+00
.2778375844087580E+00
.2778375830510050E+00
.2786925449083510E+00
.9193131908424260E+00
-.9193131921803260E+00
.2778375803459510E+00
-.2786925431918220E+00
.2778375820085320E+00
-.2786925450460710E+00
-.9193131911157350E+00
-.9193131921965040E+00
-.2778375802556450E+00
.2786925432284890E+00
-.2778375828255750E+00
-.2786925452655750E+00
.9193131908022630E+00
.9193131918140520E+00
-.2778375810866550E+00
-.2786925436616070E+00
-.2778375815286020E+00
.2786925445358110E+00
-.9193131914154680E+00
.2786925512993890E+00
-.9193131886048900E+00
-.2778375840438940E+00
-.2786925517195550E+00
.9193131885016330E+00
-.2778375839640920E+00
.7117238189820730E+00
-.1473551783591070E+00
-.6868301514234280E+00
-.1473551800456200E+00
-.6868301516966510E+00
.7117238183692320E+00
-.7117238189949870E+00
.1473551790836350E+00
-.6868301512546030E+00
-.6868301560317550E+00
.7117238162213120E+00
-.1473551702138960E+00
.1473551798781810E+00
-.6868301515087299E+00
-.7117238185852460E+00
-.6868301558996560E+00
-.7117238164804049E+00
.1473551695782020E+00
.1473551798320490E+00
.6868301511512620E+00
.7117238189397620E+00
.6868301563077071E+00
-.7117238161174280E+00
-.1473551694294310E+00
-.1473551804107280E+00
.6868301515960830E+00
-.7117238183906890E+00
.6868301558133360E+00
.7117238166677690E+00
.1473551690755790E+00
.7117238191679540E+00
.1473551778536360E+00
.6868301513392560E+00
-.7117238189582320E+00
-.1473551779327430E+00
.6868301515396070E+00
.9108668157709010E+00
-.4075474740818870E+00
.6501307789093599E-01
-.4075474700550140E+00
.6501307469253000E-01
.9108668178009230E+00
-.9108668160296600E+00
.4075474735167600E+00
.6501307780819900E-01
.6501307141712299E-01
.9108668172437731E+00
-.4075474718227450E+00
.4075474695472240E+00
.6501307442432699E-01
-.9108668180472660E+00
.6501307150394400E-01
-.9108668171938550E+00
.4075474719204620E+00
.4075474699947020E+00
-.6501307473049800E-01
.9108668178251990E+00
-.6501307123716700E-01
-.9108668170028290E+00
-.4075474723899620E+00
-.4075474694929540E+00
-.6501307476090901E-01
-.9108668180475250E+00
-.6501307089406901E-01
.9108668170468960E+00
.4075474723462040E+00
.9108668155710270E+00
.4075474746073930E+00
-.6501307739703199E-01
-.9108668158269980E+00
-.4075474740697620E+00
-.6501307718099700E-01
