.8662468181078205913835980
.4225186537611115291185464
.2666354015167047203315344
.8662468181078205913835980
-.4225186537611115291185464
-.2666354015167047203315344
.8662468181078205913835980
.2666354015167047203315344
-.4225186537611115291185464
.8662468181078205913835980
-.2666354015167047203315344
.4225186537611115291185464
-.8662468181078205913835980
.4225186537611115291185464
-.2666354015167047203315344
-.8662468181078205913835980
-.4225186537611115291185464
.2666354015167047203315344
-.8662468181078205913835980
.2666354015167047203315344
.4225186537611115291185464
-.8662468181078205913835980
-.2666354015167047203315344
-.4225186537611115291185464
.2666354015167047203315344
.8662468181078205913835980
.4225186537611115291185464
-.2666354015167047203315344
.8662468181078205913835980
-.4225186537611115291185464
-.4225186537611115291185464
.8662468181078205913835980
.2666354015167047203315344
.4225186537611115291185464
.8662468181078205913835980
-.2666354015167047203315344
-.2666354015167047203315344
-.8662468181078205913835980
.4225186537611115291185464
.2666354015167047203315344
-.8662468181078205913835980
-.4225186537611115291185464
.4225186537611115291185464
-.8662468181078205913835980
.2666354015167047203315344
-.4225186537611115291185464
-.8662468181078205913835980
-.2666354015167047203315344
.4225186537611115291185464
.2666354015167047203315344
.8662468181078205913835980
-.4225186537611115291185464
-.2666354015167047203315344
.8662468181078205913835980
.2666354015167047203315344
-.4225186537611115291185464
.8662468181078205913835980
-.2666354015167047203315344
.4225186537611115291185464
.8662468181078205913835980
.4225186537611115291185464
-.2666354015167047203315344
-.8662468181078205913835980
-.4225186537611115291185464
.2666354015167047203315344
-.8662468181078205913835980
.2666354015167047203315344
.4225186537611115291185464
-.8662468181078205913835980
-.2666354015167047203315344
-.4225186537611115291185464
-.8662468181078205913835980
