.8544032798674690E+00
-.5053541340072060E+00
.1208810762424740E+00
-.5054349175556900E+00
.1208162198059960E+00
.8543646675438200E+00
-.8543867766655620E+00
.5053247652039460E+00
.1211202606115420E+00
.1208333586366210E+00
.8543977898340150E+00
-.5053748273977881E+00
.5053979097545750E+00
.1211845075248970E+00
-.8543344005432850E+00
.1211678917817770E+00
-.8543595921698920E+00
.5053593070959080E+00
.5055502439906060E+00
-.1210290998832230E+00
.8542662979320300E+00
-.1209012300582570E+00
-.8542712308899000E+00
-.5055725038451520E+00
-.5055127430804750E+00
-.1209718018932920E+00
-.8542966052431350E+00
-.1211002217099370E+00
.8542333106705450E+00
.5055889508708080E+00
.8542280860180770E+00
.5056228637404400E+00
-.1209954409091880E+00
-.8542442519150010E+00
-.5055933391780419E+00
-.1210046835828190E+00
-.2649878987783750E+00
.8838136985753620E+00
-.3855577255244170E+00
.8838495436614180E+00
-.3855147723237870E+00
-.2649308296322680E+00
.2649355775867900E+00
-.8837175312641120E+00
-.3858140286008490E+00
-.3855859698282140E+00
-.2649918821321200E+00
.8838001823238730E+00
-.8837292209025740E+00
-.3858572041282210E+00
.2648336877084960E+00
-.3857855708943260E+00
.2648743412798280E+00
-.8837483106752260E+00
-.8838853342582800E+00
.3855799306321350E+00
-.2647165143636620E+00
.3857055651888330E+00
.2647713629504000E+00
.8838140881111540E+00
.8837647796773470E+00
.3857919932898060E+00
.2648100302392800E+00
.3856671594356380E+00
-.2646531289490930E+00
-.8838662588142510E+00
-.2646569340063700E+00
-.8838970336929440E+00
.3855940107304080E+00
.2647089806257060E+00
.8838007658213300E+00
.3857789028831530E+00
-.9733521648930310E+00
.2280262392539510E+00
.2428162494047400E-01
.2281123458869260E+00
.2434454914745700E-01
-.9733304169606380E+00
.9733554428092021E+00
-.2280321804631890E+00
.2409370513031500E-01
.2435678809852000E-01
-.9733428333593150E+00
.2280580531829240E+00
-.2281196464116130E+00
.2403159282358800E-01
.9733364831687970E+00
.2401983627102700E-01
.9733503190618910E+00
-.2280618421560860E+00
-.2282433008441410E+00
-.2410134029444700E-01
-.9733057695379100E+00
-.2432552782893800E-01
.9732858593312290E+00
.2283044124008880E+00
.2282511002315090E+00
-.2427391182448100E-01
.9732996519304030E+00
-.2405063099923100E-01
-.9732933319509690E+00
-.2283016800821220E+00
-.9732840684188760E+00
-.2283305892567410E+00
-.2415086275208100E-01
.9732807668974420E+00
.2283367922856280E+00
-.2422515379181500E-01
.1764941643605970E+00
-.6439159617576869E+00
.7444609084030720E+00
-.6439554747347650E+00
.7444298798961950E+00
.1764808785020650E+00
-.1763945457957580E+00
.6437302463633759E+00
.7446451061616230E+00
.7444821769849420E+00
.1765407684656810E+00
-.6438785950948430E+00
.6437221735449969E+00
.7446755654083020E+00
-.1762953929356370E+00
.7446232602985000E+00
-.1763087546453890E+00
.6437790174103420E+00
.6439796469919020E+00
-.7444731281720970E+00
.1762100328864330E+00
-.7445688151995640E+00
-.1763819450908200E+00
-.6438219387985280E+00
-.6437453004186960E+00
-.7446323171490740E+00
-.1763935952523330E+00
-.7445366073086630E+00
.1761491742553250E+00
.6439229059339890E+00
.1761957070235800E+00
.6439711185624940E+00
-.7444838959197370E+00
-.1762957903461830E+00
-.6437847990685870E+00
-.7446213311438470E+00
-.5382680916693570E+00
-.7144430972079280E+00
.4470330215348440E+00
-.7144085713422340E+00
.4470401217976180E+00
-.5383080184206051E+00
.5383282112194380E+00
.7143316685506840E+00
.4471386857686070E+00
.4471201978095990E+00
-.5382526202846060E+00
-.7144001997952280E+00
.7142693383899240E+00
.4471311678997200E+00
.5384171532637620E+00
.4470507600303290E+00
.5383906456527831E+00
.7143396465476940E+00
.7143353780369111E+00
-.4469080442623900E+00
-.5385147794243240E+00
-.4472169730606700E+00
.5384307414350790E+00
-.7142053736035060E+00
-.7141970542020020E+00
-.4472644791667070E+00
.5384023156013700E+00
-.4469551475186520E+00
-.5385686162875321E+00
.7142653160112939E+00
-.5385531358716100E+00
.7142734853459000E+00
-.4469607454516280E+00
.5384924234925470E+00
-.7141627498790130E+00
-.4472107741617700E+00
-.8542625591715191E+00
-.1211967864813340E+00
.5055163884033080E+00
-.1211352259177740E+00
.5055628408198980E+00
-.8542438006939030E+00
.8543309414267219E+00
.1210719374548010E+00
.5054307355927919E+00
.5056009275709700E+00
-.8542205006653180E+00
-.1211405724044100E+00
.1209804838657270E+00
.5053853800887540E+00
.8543707275627840E+00
.5053474173253790E+00
.8543800060355530E+00
.1210735028371490E+00
.1210201874725290E+00
-.5053486406391460E+00
-.8543868360574620E+00
-.5056166845687340E+00
.8542509316027460E+00
-.1208598946779390E+00
-.1208657310279020E+00
-.5055984823689040E+00
.8542608791752970E+00
-.5053307603087600E+00
-.8544103980209300E+00
.1209284682756170E+00
-.8543680863966890E+00
.1209284250962590E+00
-.5054023040614261E+00
.8543001861498960E+00
-.1208044489183890E+00
-.5055467110621700E+00
.7444632973046910E+00
.6439458791655150E+00
.1763748952430030E+00
.6438740925860960E+00
.1763526546392770E+00
.7445306535651250E+00
-.7444394383517560E+00
-.6439896739556450E+00
.1763156897868830E+00
.1762725384812350E+00
.7444994067041240E+00
.6439321591554410E+00
-.6439272279941870E+00
.1763373486135990E+00
-.7444883239726789E+00
.1764171560921340E+00
-.7444453593527010E+00
-.6439550403363510E+00
-.6437732764367420E+00
-.1765375814946370E+00
.7445740063055700E+00
-.1761862890755310E+00
-.7446599355387570E+00
.6437701235264091E+00
.6438276103095120E+00
-.1761530561791470E+00
-.7446180960746860E+00
-.1765038577432470E+00
.7446064263886381E+00
-.6437450255982510E+00
.7446425637975280E+00
-.6437113057563880E+00
-.1764743806405070E+00
-.7446660895457380E+00
.6437550517808310E+00
-.1762153466282650E+00
-.2283360715319860E+00
.9732852424848990E+00
-.2405151135480500E-01
.9733064515717200E+00
-.2400727784605000E-01
-.2282503054527860E+00
.2283331981063670E+00
-.9732791056699990E+00
-.2432556492099900E-01
-.2408702223521400E-01
-.2283063346170040E+00
.9732913402129850E+00
-.9732989361424010E+00
-.2436839438764100E-01
.2282440848281470E+00
-.2428855197935900E-01
.2282995532397890E+00
-.9732879225764900E+00
-.9733371742315819E+00
.2406421970882400E-01
-.2281132582483620E+00
.2421829905214100E-01
.2280639631571710E+00
.9733449042862790E+00
.9733297074180570E+00
.2431156319331100E-01
.2281188912663230E+00
.2415744670603300E-01
-.2280561009745210E+00
-.9733482586294300E+00
-.2280265869033880E+00
-.9733570472797149E+00
.2408182252460000E-01
.2280302830467680E+00
.9733509134612350E+00
.2429381151218600E-01
.7141882216414780E+00
.5385777705783590E+00
-.4470672981861090E+00
.5385274786436980E+00
-.4470918044321980E+00
.7142108044234720E+00
-.7142487687796120E+00
-.5384672206579190E+00
-.4471037335716890E+00
-.4471613350315650E+00
.7141657502813270E+00
.5385294992643370E+00
-.5383895843123190E+00
-.4470804117879510E+00
-.7143218888565050E+00
-.4470109694572090E+00
-.7143051130884170E+00
-.5384694964440140E+00
-.5384320154150550E+00
.4469136813525910E+00
.7143942372359660E+00
.4472327482991630E+00
-.7143004980317570E+00
.5382914334822370E+00
.5382930399261510E+00
.4472578784152030E+00
-.7142835524934020E+00
.4469384509810380E+00
.7144394343055710E+00
-.5383514797451630E+00
.7144166137892710E+00
-.5383541595409150E+00
.4469717002751600E+00
-.7143571305190370E+00
.5382432243381430E+00
.4472003147703360E+00
-.8838226247963700E+00
.2646362039654440E+00
.3857787545327180E+00
.2647035776402780E+00
.3858370666585500E+00
-.8837769933511300E+00
.8838743905237270E+00
-.2647316811045790E+00
.3855946042099840E+00
.3858426620308480E+00
-.8837798638376970E+00
.2646858372334470E+00
-.2648227787783800E+00
.3855352957965560E+00
.8838729725108470E+00
.3855302957630180E+00
.8839005568372480E+00
-.2647379773883650E+00
-.2648230436494790E+00
-.3856162950490920E+00
-.8838375577813140E+00
-.3858066593719060E+00
.8837138197040250E+00
.2649586881919760E+00
.2649414017790060E+00
-.3857554525672310E+00
.8837413560754220E+00
-.3855652667157560E+00
-.8838346669397210E+00
-.2649069772919530E+00
-.8837919506738630E+00
-.2649137504830990E+00
-.3856585182892600E+00
.8837398529718770E+00
.2650088880255400E+00
-.3857125374378070E+00
