0.850650808352E+00
0			
-0.525731112119E+00
0.525731112119E+00
-0.850650808352E+00
0.000000000000E+00
0		
-0.525731112119E+00
0.850650808352E+00
0.850650808352E+00
0			
0.525731112119E+00
-0.525731112119E+00
-0.850650808352E+00
0
0		
0.525731112119E+00
-0.850650808352E+00
-0.850650808352E+00
0			
-0.525731112119E+00
-0.525731112119E+00
0.850650808352E+00
0
0		
0.525731112119E+00
0.850650808352E+00
-0.850650808352E+00
0			
0.525731112119E+00
0.525731112119E+00
0.850650808352E+00
0
0		
-0.525731112119E+00
-0.850650808352E+00
