.9333646931993099
.3535421889214720
-.06195377423185971
.9333646931993099
-.3535421889214720
.06195377423185971
.9333646931993099
-.06195377423185971
-.3535421889214720
.9333646931993099
.06195377423185971
.3535421889214720
-.9333646931993099
.3535421889214720
.06195377423185971
-.9333646931993099
-.3535421889214720
-.06195377423185971
-.9333646931993099
-.06195377423185971
.3535421889214720
-.9333646931993099
.06195377423185971
-.3535421889214720
-.06195377423185971
.9333646931993099
.3535421889214720
.06195377423185971
.9333646931993099
-.3535421889214720
-.3535421889214720
.9333646931993099
-.06195377423185971
.3535421889214720
.9333646931993099
.06195377423185971
.06195377423185971
-.9333646931993099
.3535421889214720
-.06195377423185971
-.9333646931993099
-.3535421889214720
.3535421889214720
-.9333646931993099
-.06195377423185971
-.3535421889214720
-.9333646931993099
.06195377423185971
.3535421889214720
-.06195377423185971
.9333646931993099
-.3535421889214720
.06195377423185971
.9333646931993099
-.06195377423185971
-.3535421889214720
.9333646931993099
.06195377423185971
.3535421889214720
.9333646931993099
.3535421889214720
.06195377423185971
-.9333646931993099
-.3535421889214720
-.06195377423185971
-.9333646931993099
-.06195377423185971
.3535421889214720
-.9333646931993099
.06195377423185971
-.3535421889214720
-.9333646931993099
.7068416977125503
.6397400986197920
.3018400579657685
.7068416977125503
-.6397400986197920
-.3018400579657685
.7068416977125503
.3018400579657685
-.6397400986197920
.7068416977125503
-.3018400579657685
.6397400986197920
-.7068416977125503
.6397400986197920
-.3018400579657685
-.7068416977125503
-.6397400986197920
.3018400579657685
-.7068416977125503
.3018400579657685
.6397400986197920
-.7068416977125503
-.3018400579657685
-.6397400986197920
.3018400579657685
.7068416977125503
.6397400986197920
-.3018400579657685
.7068416977125503
-.6397400986197920
-.6397400986197920
.7068416977125503
.3018400579657685
.6397400986197920
.7068416977125503
-.3018400579657685
-.3018400579657685
-.7068416977125503
.6397400986197920
.3018400579657685
-.7068416977125503
-.6397400986197920
.6397400986197920
-.7068416977125503
.3018400579657685
-.6397400986197920
-.7068416977125503
-.3018400579657685
.6397400986197920
.3018400579657685
.7068416977125503
-.6397400986197920
-.3018400579657685
.7068416977125503
.3018400579657685
-.6397400986197920
.7068416977125503
-.3018400579657685
.6397400986197920
.7068416977125503
.6397400986197920
-.3018400579657685
-.7068416977125503
-.6397400986197920
.3018400579657685
-.7068416977125503
.3018400579657685
.6397400986197920
-.7068416977125503
-.3018400579657685
-.6397400986197920
-.7068416977125503
