-.6749405204804370E+00
.7256290520645010E+00
.1338572844994640E+00
.9672433446143000E-01
-.9103273829899871E+00
-.4024282034122290E+00
.9069603159163580E+00
.1351270221350530E+00
.3989532218717040E+00
-.1327587047580260E+00
-.3076585240607330E+00
.9421896618429551E+00
-.2260558011275870E+00
-.9588311747087040E+00
-.1718765637988270E+00
.2757382640198530E+00
-.1806927335075380E+00
-.9440966824498920E+00
.8308816505135890E+00
.3332786445281770E+00
-.4456018715639280E+00
-.6164713286127870E+00
-.2675443371664000E+00
.7405289519313720E+00
.4302772932874360E+00
-.8926444716153570E+00
-.1343402329005700E+00
-.6909871985230760E+00
.1751093390532070E+00
.7013368740153190E+00
.8105170415355070E+00
-.3814493375472150E+00
.4444755654311270E+00
-.8673444385462600E-01
-.7060085178359240E+00
-.7028720431147840E+00
.8713208520567370E+00
.4604578060039600E+00
.1696425113618090E+00
-.6007352667495490E+00
.3032661185525090E+00
-.7396937208206140E+00
-.8991009470834190E+00
-.4180812466398280E+00
.1297133692484600E+00
.8969270870795710E+00
-.1880663273448430E+00
-.4001910256139910E+00
.1504949609669910E+00
.9030721531392540E+00
.4022585647913240E+00
.2486017164026210E+00
-.2242836122819530E+00
.9422812997525900E+00
.8425846747084230E+00
-.5107563820855460E+00
-.1708185707275000E+00
.2600345004183370E+00
.2093564899576840E+00
-.9426303192157490E+00
-.5880246157243400E-01
.8945952131887460E+00
-.4429917324880950E+00
.6161176918013200E-01
-.6712901087901590E+00
.7386295280714080E+00
.9823375360976140E+00
.1337840147101790E+00
-.1308235551485130E+00
-.3822775825325760E+00
-.6052438479001370E+00
.6982433203920290E+00
.6118392782163570E+00
.6515716084972490E+00
.4484497035699710E+00
.6468653485695820E+00
-.2984641292976520E+00
-.7017723165974470E+00
-.1692010168812820E+00
.9704309127468180E+00
.1721477838129720E+00
-.4717254508623250E+00
-.4752957036627900E+00
-.7426769776211120E+00
.1193697559557230E+00
-.9846926044113470E+00
.1270091972286680E+00
.4572892122317290E+00
.7961559905587140E+00
-.3962602870260380E+00
-.8136314363509790E+00
.4209422727934990E+00
.4010130780372200E+00
.2871545553868710E+00
.1641733239706600E+00
.9437104328219510E+00
.7466675770451550E+00
.6440359890663980E+00
-.1664487133527440E+00
-.1157796447409060E+00
.3149524646461050E+00
-.9420191181058980E+00
-.8675792121114660E+00
.2219163150406650E+00
-.4450387172267380E+00
.6551400224339120E+00
-.1511626316805080E+00
.7402306463452570E+00
.1767365123580470E+00
.9760026717210610E+00
-.1272123814448300E+00
.4552846077010780E+00
-.5527863541042300E+00
.6979564260801880E+00
-.4320239302197420E+00
.7818380260588590E+00
.4495382349988430E+00
.4859612670925570E+00
.5251632870762940E+00
-.6986022965844150E+00
-.9757586399688970E+00
.1384318633541960E+00
.1695042646494000E+00
.3086023784018720E+00
-.5931881528186310E+00
-.7435673388472140E+00
.9729796935790060E+00
-.1911673832241180E+00
.1294818422565370E+00
-.6146246897809310E+00
.6821777798642300E+00
-.3960681347586600E+00
-.6530289643965320E+00
-.6449755112599790E+00
.3969379819746680E+00
-.7037890092249301E-01
.3208780019654030E+00
.9445020477265430E+00
-.3812529252505450E+00
.9096621317590370E+00
-.1648059860305650E+00
-.3323417963042340E+00
-.9834857390798001E-02
-.9431077382830541E+00
-.4777466211688960E+00
-.7551386761927890E+00
-.4489139624465980E+00
.3438775584320710E+00
.5740395992766760E+00
.7431196157208280E+00
-.8732125444955480E+00
.4700939413920300E+00
-.1284972311068120E+00
.6642168929664370E+00
.2599873469743290E+00
.7008726692568790E+00
-.8784891093226410E+00
-.1706738463406710E+00
.4462368462787390E+00
-.3470827166082120E+00
.6266486359259690E+00
-.6977428429758250E+00
-.4337167959777130E+00
-.8857449345235880E+00
.1653652075033670E+00
.6618616833629820E+00
.1125121287996140E+00
-.7411343555448630E+00
.4820689451276740E+00
.8658695321747411E+00
.1337141929452020E+00
-.8374660393934000E+00
-.3724869462279710E+00
-.3998801167256170E+00
.4103552192662560E+00
-.8216190506679300E+00
.3956649208616700E+00
-.3298995680158790E+00
.2926988290883000E-01
.9435621595726690E+00
-.9824290346165530E+00
-.8096425490319800E-01
-.1681605820944880E+00
-.9037042148768300E-01
-.3161604362075780E+00
-.9443917436621160E+00
.5719599204934041E+00
-.6863129715022710E+00
-.4492620109656520E+00
-.4420214769968210E+00
.5021117496198080E+00
.7433039787107850E+00
-.7165157243440931E+00
-.6847935061717610E+00
-.1329024855773800E+00
-.4421804362881600E-01
.7098516256115680E+00
.7029619009834420E+00
-.1105565563628060E+00
-.8896249757307140E+00
.4431079444123340E+00
-.7010281311842810E+00
-.1342573855036490E+00
-.7003816914554510E+00
.7078411100140820E+00
-.6867219567092810E+00
.1654506486763020E+00
.9986011140880301E-01
.6665513378697570E+00
-.7387403279457930E+00
