-.5389531643378300E-01
-.1406035066764100E+00
-.9885979712586910E+00
-.1406020108260560E+00
-.9885983027651530E+00
-.5389313798182900E-01
.5389273741214000E-01
.1406029924863770E+00
-.9885981849862470E+00
-.9885980986472160E+00
-.5389529965961800E-01
-.1406026174212630E+00
.1406044785163560E+00
-.9885978843519180E+00
.5389437518011600E-01
-.9885980658632700E+00
.5389281342061700E-01
.1406038009195060E+00
.1406018124157300E+00
.9885982766199050E+00
-.5389413520565200E-01
.9885980025098750E+00
.5389565255163500E-01
-.1406031581064890E+00
-.1406048466356920E+00
.9885978500353531E+00
.5389404427235700E-01
.9885981673609280E+00
-.5389245072780000E-01
.1406032262971460E+00
-.5389283591088400E-01
.1406027515842190E+00
.9885982138788380E+00
.5389609745044300E-01
-.1406037938522460E+00
.9885978878360840E+00
-.7121378206194821E+00
.4847259556271390E+00
.5078390221169400E+00
.4847271423032010E+00
.5078385891579620E+00
-.7121373216428299E+00
.7121378784277490E+00
-.4847268954121660E+00
.5078380440381630E+00
.5078397607384350E+00
-.7121379693767980E+00
.4847249632369050E+00
-.4847276428704660E+00
.5078383908533870E+00
.7121371223385879E+00
.5078396078145549E+00
.7121361919763640E+00
-.4847277347255500E+00
-.4847267680672810E+00
-.5078392368723810E+00
-.7121371144744010E+00
-.5078401126327480E+00
.7121362579125310E+00
.4847271089669900E+00
.4847285491224600E+00
-.5078400954114271E+00
.7121352899261120E+00
-.5078388610154030E+00
-.7121374661713530E+00
-.4847266451492260E+00
-.7121366718689039E+00
-.4847276329363270E+00
-.5078390320243490E+00
.7121377658573640E+00
.4847264015559710E+00
-.5078386732755610E+00
-.7030054480395250E+00
.2617901117095170E+00
.6612482721624801E+00
.2617908536144600E+00
.6612471360366760E+00
-.7030062404041000E+00
.7030064339445450E+00
-.2617905690855730E+00
.6612470429199860E+00
.6612494875894130E+00
-.7030044337858500E+00
.2617897653464990E+00
-.2617917110517330E+00
.6612472320733990E+00
.7030058307723160E+00
.6612474233592150E+00
.7030059089592190E+00
-.2617910179307560E+00
-.2617910421351510E+00
-.6612484386100850E+00
-.7030049449993340E+00
-.6612490446749040E+00
.7030044247634020E+00
.2617909083211350E+00
.2617922462673400E+00
-.6612489166629980E+00
.7030040469345190E+00
-.6612472545309420E+00
-.7030062605254830E+00
-.2617905002807940E+00
-.7030054694842800E+00
-.2617913268030810E+00
-.6612477683031300E+00
.7030051584635270E+00
.2617910253582180E+00
-.6612482183080450E+00
.6280044724638099E-01
.7862188199982439E+00
-.6147487868277770E+00
.7862200431089770E+00
-.6147474493883091E+00
.6279822676069299E-01
-.6279950225219801E-01
-.7862192395650210E+00
-.6147483467685591E+00
-.6147477070961400E+00
.6279957151438099E-01
.7862197341949950E+00
-.7862185345191240E+00
-.6147492348350890E+00
-.6279963573361200E-01
-.6147493306965400E+00
-.6279995662861700E-01
-.7862184339327080E+00
-.7862195385712860E+00
.6147479435281090E+00
.6279970618335100E-01
.6147493951504540E+00
-.6279977045814100E-01
.7862183984062920E+00
.7862177984580020E+00
.6147501790519670E+00
-.6279960782860100E-01
.6147478002140190E+00
.6280005812960500E-01
-.7862196225171070E+00
.6280052636345899E-01
-.7862189094158020E+00
.6147486643869180E+00
-.6280141239775699E-01
.7862187128109530E+00
.6147488253154580E+00
.8295436077392320E+00
.3214653682205850E+00
.4566370767839410E+00
.3214635955020470E+00
.4566373806324790E+00
.8295441274435040E+00
-.8295434450385299E+00
-.3214644597436460E+00
.4566380119036660E+00
.4566350005565370E+00
.8295451597747751E+00
.3214643124220390E+00
-.3214642002577900E+00
.4566374595738670E+00
-.8295438496345710E+00
.4566370685585350E+00
-.8295440001148970E+00
-.3214643673747430E+00
-.3214629541954330E+00
-.4566364211023370E+00
.8295449041509410E+00
-.4566367130348990E+00
-.8295441909717370E+00
.3214643798832610E+00
.3214629551065890E+00
-.4566366887995170E+00
-.8295447564395499E+00
-.4566371123963230E+00
.8295440985782710E+00
-.3214640510170780E+00
.8295447019765780E+00
-.3214622985067580E+00
-.4566372499712900E+00
-.8295448614467950E+00
.3214635893905120E+00
-.4566360515151940E+00
-.2495004234484620E+00
.9540250943623850E+00
-.1660893073797370E+00
.9540254708554060E+00
-.1660875670107380E+00
-.2495001423718530E+00
.2495009434844220E+00
-.9540250296126640E+00
-.1660888981026120E+00
-.1660868774086620E+00
-.2495001374496830E+00
.9540255921961580E+00
-.9540248553834940E+00
-.1660899370031220E+00
.2495009181081350E+00
-.1660901519985670E+00
.2495001071183790E+00
-.9540250300474360E+00
-.9540255936888939E+00
.1660878626585790E+00
-.2494994758793280E+00
.1660896928744990E+00
.2494996878225310E+00
.9540252196337971E+00
.9540249314198170E+00
.1660906479136480E+00
.2495001541182640E+00
.1660879561220760E+00
-.2495000023520480E+00
-.9540254397328820E+00
-.2494997599825380E+00
-.9540252259304089E+00
.1660895483077950E+00
.2494983747081790E+00
.9540257202571130E+00
.1660887898260250E+00
.8607872157664440E+00
.4186303330445690E+00
-.2894719562030950E+00
.4186314255109590E+00
-.2894739329391020E+00
.8607860197072390E+00
-.8607867717364260E+00
-.4186306871370340E+00
-.2894727645060190E+00
-.2894744465036730E+00
.8607866519642620E+00
.4186297703479170E+00
-.4186298892623020E+00
-.2894728382265150E+00
-.8607871349789790E+00
-.2894723996931710E+00
-.8607875560309860E+00
-.4186293267296020E+00
-.4186292573884460E+00
.2894725949335480E+00
.8607875240968800E+00
.2894731851561890E+00
-.8607878175448240E+00
.4186282458720980E+00
.4186289424246520E+00
.2894727563162090E+00
-.8607876230029770E+00
.2894735427627720E+00
.8607866031630780E+00
-.4186304956107950E+00
.8607880122617581E+00
-.4186286769276890E+00
.2894719827551960E+00
-.8607878393611090E+00
.4186284794744050E+00
.2894727824528270E+00
-.1691041295942500E+00
-.8789173916920940E+00
.4459910446806490E+00
-.8789181750666980E+00
.4459895744177420E+00
-.1691039356375460E+00
.1691023334883080E+00
.8789182061434621E+00
.4459901206510830E+00
.4459894690345720E+00
-.1691039825983880E+00
-.8789182195060160E+00
.8789165401716110E+00
.4459924431702190E+00
.1691048670140030E+00
.4459902241080140E+00
.1691041980057110E+00
.8789177949142500E+00
.8789182853189470E+00
-.4459889689345610E+00
-.1691049594798730E+00
-.4459914048704790E+00
.1691046511475080E+00
-.8789171085727800E+00
-.8789175018706720E+00
-.4459905576894250E+00
.1691048413183190E+00
-.4459886381463000E+00
-.1691042398787440E+00
.8789185916223650E+00
-.1691036827918700E+00
.8789180817859170E+00
-.4459898541177720E+00
.1691042183067080E+00
-.8789179365417820E+00
-.4459899373035370E+00
.6991597494364490E+00
.6826055934699530E+00
.2126622875159000E+00
.6826036001105980E+00
.2126624328405610E+00
.6991616513899950E+00
-.6991612748012420E+00
-.6826040568208240E+00
.2126622049872900E+00
.2126608434125310E+00
.6991621013472430E+00
.6826036344166200E+00
-.6826047628202950E+00
.2126619851953860E+00
-.6991606523738350E+00
.2126625942230910E+00
-.6991616996786060E+00
-.6826035003725280E+00
-.6826025624027640E+00
-.2126623681590730E+00
.6991626841945699E+00
-.2126612305468040E+00
-.6991609500605910E+00
.6826046930198260E+00
.6826033952274170E+00
-.2126617699757900E+00
-.6991620530426170E+00
-.2126618767979380E+00
.6991622129811330E+00
-.6826031981291210E+00
.6991620776118520E+00
-.6826026485321290E+00
-.2126640859346050E+00
-.6991619828086700E+00
.6826032705883111E+00
-.2126624009485230E+00
-.8932543729812280E+00
-.1723424150411760E+00
-.4152044281166660E+00
-.1723416913831600E+00
-.4152051051823470E+00
-.8932541978864180E+00
.8932544795129390E+00
.1723418657252130E+00
-.4152044269374090E+00
-.4152037601443590E+00
-.8932549611410140E+00
-.1723409758558650E+00
.1723436211169660E+00
-.4152058956702590E+00
.8932534581298580E+00
-.4152063344497700E+00
.8932537022259500E+00
.1723412988590360E+00
.1723405995636110E+00
.4152042778538470E+00
-.8932547930987670E+00
.4152040134618810E+00
.8932546529877980E+00
-.1723419627391880E+00
-.1723411946292100E+00
.4152043287490480E+00
.8932546546320540E+00
.4152061427713250E+00
-.8932540159148660E+00
.1723401347827120E+00
-.8932544146433700E+00
.1723402748586850E+00
.4152052268237520E+00
.8932547053896590E+00
-.1723405507866280E+00
.4152044867939110E+00
-.3011910729024200E-01
.5380310043275850E+00
-.8423867744440729E+00
.5380327159133010E+00
-.8423856691864600E+00
-.3011944481952300E-01
.3011808764135300E-01
-.5380315902624120E+00
-.8423864366646280E+00
-.8423861832095870E+00
-.3011934729278300E-01
.5380319165776710E+00
-.5380303041055450E+00
-.8423872336366450E+00
.3011877271892400E-01
-.8423873127238229E+00
.3011790102264100E-01
-.5380302290763280E+00
-.5380317233086820E+00
.8423863249999340E+00
-.3011883408426400E-01
.8423871030981440E+00
.3011978965830300E-01
.5380304515590700E+00
.5380291730323310E+00
.8423879687460450E+00
.3011841758887700E-01
.8423863305324070E+00
-.3011744117944100E-01
-.5380317926191250E+00
-.3011705911664400E-01
-.5380307391371790E+00
.8423870170495660E+00
.3011834681252400E-01
.5380307101818240E+00
.8423869895045401E+00
.9519058810513840E+00
-.3017741210977390E+00
.5298654032370100E-01
-.3017744053434990E+00
.5298679853019400E-01
.9519057765667240E+00
-.9519056988554310E+00
.3017745999000000E+00
.5298708655653000E-01
.5298761295842300E-01
.9519052380669770E+00
-.3017759609604790E+00
.3017745623980470E+00
.5298683421290300E-01
-.9519057247908330E+00
.5298676682920600E-01
-.9519052521736440E+00
.3017760650303790E+00
.3017772936453360E+00
-.5298799472785900E-01
.9519047943228440E+00
-.5298657470118700E-01
-.9519055918473009E+00
-.3017750273155070E+00
-.3017769418414010E+00
-.5298652631673400E-01
-.9519049875915860E+00
-.5298879489611200E-01
.9519052401764430E+00
.3017757467724780E+00
.9519048618122400E+00
.3017774620595560E+00
-.5298582311443300E-01
-.9519050185943480E+00
-.3017768243243040E+00
-.5298663865195100E-01
.5536061463002190E+00
.4544011566904800E+00
.6978823852032480E+00
.4543996192985590E+00
.6978827381162330E+00
.5536069633058400E+00
-.5536058140188820E+00
-.4544011281970970E+00
.6978826673429410E+00
.6978809697722890E+00
.5536078912532600E+00
.4544012046328750E+00
-.4544007964543470E+00
.6978822688342310E+00
-.5536065886786770E+00
.6978825206532540E+00
-.5536051035411030E+00
-.4544022190745830E+00
-.4544001809008960E+00
-.6978821410325180E+00
.5536072550329360E+00
-.6978816353908840E+00
-.5536070488477030E+00
.4544012086804820E+00
.4544012718187750E+00
-.6978817257806300E+00
-.5536068830776310E+00
-.6978823219163300E+00
.5536063431414440E+00
-.4544010140726250E+00
.5536060294802920E+00
-.4544003068459940E+00
-.6978830312175039E+00
-.5536069608106720E+00
.4544008427162030E+00
-.6978819435124930E+00
